0.889	-0.047
0.94	0.146
1.05	0.021
1.046	-0.052
0.995	0.096
1.022	-0.028
1.006	-0.006
0.999	-0.024
1.002	-0.07
0.991	-0.035
0.98	-0.01
0.979	0.001
0.999	-0.009
0.996	-0.04
0.913	-0.144
0.818	-0.237
0.839	-0.132
0.959	-0.028
1.045	-0.075
1	-0.129
0.939	-0.135
1	-0.238
0.942	-0.236
0.843	-0.214
0.846	-0.255
0.931	-0.193
1.019	-0.158
1.197	0.151
0.87	0.05
1.05	-0.001
0.948	-0.101
0.924	-0.058
0.988	-0.01
0.935	-0.07
1.044	-0.37
1.219	-0.38
1.257	0.536
0.881	0.389
0.926	-0.325
0.816	-0.066
0.808	0.092
0.771	-0.176
0.985	-0.179
1.178	-0.27
1.317	0.093
0.816	-0.101
1.129	-0.058
0.875	0.227
0.855	0.158
1.01	-0.198
1.082	-0.435
1.308	-0.021
1.024	0.718
1.039	-0.194
0.814	-0.021
0.785	0.056
0.866	-0.029
0.926	-0.014
0.978	-0.046
1.499	-0.005
0.901	0.159
0.873	-0.057
0.822	0.146
0.93	0.021
1.017	-0.124
1.135	-0.152
1.208	-0.41
1.114	0.505
0.963	0.335
0.873	-0.178
0.68	0.035
0.791	0.063
0.919	-0.164
1.093	-0.189
1.523	-0.012
0.791	0.297
1.039	-0.087
0.765	0.151
0.798	0.105
1.057	-0.32
1.149	-0.328
1.32	-0.054
1.013	0.592
0.964	0.036
0.778	-0.124
0.703	-0.031
0.768	-0.014
0.924	-0.175
1.297	-0.277
1.261	0.324
0.823	0.085
0.946	-0.077
0.667	0.238
0.994	-0.237
1.088	-0.36
1.189	-0.195
1.23	0.068
1.006	0.555
0.914	-0.096
0.642	-0.092
0.722	0.053
0.851	-0.127
0.963	-0.298
1.689	0.193
0.816	0.524
1.062	-0.053
0.877	0.083
0.882	0.02
1.014	-0.207
0.93	-0.117
1.157	-0.016
1.111	0.116
1.058	-0.065
0.796	0.071
0.813	0.076
0.872	0
0.91	-0.058
0.999	-0.055
1.002	0.013
0.982	0.097
1.006	0.15
0.984	0.066
0.97	0.031
1.006	-0.068
0.991	-0.141
0.994	-0.115
0.973	-0.109
0.973	-0.203
1.005	-0.218
0.958	-0.21
1.135	-0.134
1.107	0.184
0.905	0.063
1.013	-0.135
0.882	0.021
0.849	-0.057
0.944	-0.008
0.949	0.007
0.911	-0.264
0.782	-0.174
0.933	0.219
1.417	0.534
1.292	-0.448
1	-0.093
0.852	0.191
0.972	0.076
1.062	0.074
0.928	0.019
1.019	-0.001
1.087	0.028
0.98	0.056
1.008	0.034
1.026	0.01
1.009	-0.029
0.993	-0.034
1.008	-0.078
1.003	-0.145
1.001	-0.003
0.945	0.146
1.006	0.004
0.991	-0.015
0.886	0.064
0.891	0.041
0.991	0
1.014	-0.024
0.953	-0.034
0.979	-0.016
1	0.028
0.966	0.039
1.037	-0.004
0.913	0.125
0.892	0.158
0.943	0.028
0.893	0.07
0.812	0.095
0.808	0.034
0.852	0.001
0.881	-0.101
1.286	0.23
0.943	0.42
1.083	0.125
0.958	-0.034
0.896	0.065
0.929	-0.056
0.846	-0.14
0.97	-0.177
1.296	-0.277
1.303	-0.016
0.854	0.433
0.951	0
0.802	0.123
0.729	0.107
0.893	0.062
0.958	-0.034
0.928	-0.041
1.088	0.034
1.036	0.551
0.646	0.014
0.917	0.107
0.891	0.305
0.902	0.386
0.777	0.569
1.107	0.166
0.736	0.23
0.587	-0.344
-1.311	0.433
-0.999	3.336
-0.5	2.804
-0.256	0.757
-0.151	0.245
-0.224	0.07
0.037	0.394
0.321	1.43
0.294	1.781
0.439	1.194
0.271	0.717
-0.042	0.652
0.069	0.708
0.071	1.014
0.106	1.321
0.141	1.195
0.112	0.867
0.132	0.81
0.186	0.851
0.345	0.947
0.418	1.011
0.351	0.997
0.271	0.883
0.222	0.786
0.243	0.854
0.261	0.975
0.242	1.024
0.204	0.998
0.148	0.911
0.164	0.865
0.212	0.911
0.238	1.017
0.225	1.018
0.194	0.937
0.181	0.91
0.203	0.954
0.206	0.991
0.186	0.986
0.163	0.958
0.167	0.943
0.178	0.955
0.187	0.966
0.187	0.968
0.18	0.961
0.173	0.953
0.178	0.96
0.182	0.971
0.182	0.964
0.179	0.959
0.181	0.958
0.184	0.963
0.185	0.965
0.182	0.963
0.183	0.961
0.185	0.959
0.185	0.961
0.179	0.962
0.181	0.965
0.183	0.963
0.182	0.96
0.181	0.96
0.182	0.963
0.183	0.963
0.181	0.961
0.179	0.962
0.183	0.963
0.183	0.96
0.184	0.963
0.182	0.963
0.184	0.963
0.183	0.959
0.18	0.958
0.181	0.962
0.183	0.966
0.183	0.961
0.179	0.955
0.178	0.958
0.18	0.961
0.184	0.959
0.179	0.955
0.171	0.943
